400580 68000000000000c4 1 0
400580 e8000000000000a8 1 0
400580 e80000000000009c 1 0
400580 6800000000000094 2 0
400580 a8000000000000ed 1 0
400580 a8000000000000ec 1 0
400580 a8000000000000eb 1 0
400580 a8000000000000ea 1 0
400580 a8000000000000e9 1 0
400580 a8000000000000e8 1 0
400580 a8000000000000e7 1 0
400580 a8000000000000e6 1 0
400580 a8000000000000e5 1 0
400580 a8000000000000e4 1 0
400580 a8000000000000e3 1 0
400580 a8000000000000e2 1 0
400580 a8000000000000e1 1 0
400580 a8000000000000e0 1 0
400580 a8000000000000df 1 0
400580 a8000000000000de 1 0
400580 a8000000000000dd 1 0
400580 a8000000000000dc 1 0
400580 a8000000000000db 1 0
400580 a8000000000000da 1 0
400580 a8000000000000d9 1 0
400580 a8000000000000d8 1 0
400580 a8000000000000d7 1 0
400580 a8000000000000d6 1 0
400580 a8000000000000d5 1 0
400580 a8000000000000d4 1 0
400580 a8000000000000d3 1 0
400580 a8000000000000d2 1 0
400580 a8000000000000d1 1 0
400580 a8000000000000d0 1 0
400580 a8000000000000cf 1 0
400580 a8000000000000ce 1 0
400580 a8000000000000cd 1 0
400580 a8000000000000cc 1 0
400580 a8000000000000cb 1 0
400580 a8000000000000ca 1 0
400580 a8000000000000c9 1 0
400580 a8000000000000c8 1 0
400580 a8000000000000c7 1 0
400580 a8000000000000c6 2 0
400580 a8000000000000c5 2 0
400580 a8000000000000c4 2 0
400580 a8000000000000c3 3 0
400580 a8000000000000c2 3 0
400580 a8000000000000c1 3 0
400580 a8000000000000c0 4 0
400580 a8000000000000bf 3 0
400580 a8000000000000be 3 0
400580 a8000000000000bd 4 0
400580 a8000000000000bc 3 0
400580 a8000000000000bb 3 0
400580 a8000000000000ba 4 0
400580 a8000000000000b9 3 0
400580 a8000000000000b8 3 0
400580 a8000000000000b7 4 0
400580 a8000000000000b6 3 0
400580 a8000000000000b5 3 0
400580 a8000000000000b4 4 0
400580 a8000000000000b3 3 0
400580 a8000000000000b2 3 0
400580 a8000000000000b1 4 0
400580 a8000000000000b0 3 0
400580 a8000000000000af 3 0
400580 a8000000000000ae 4 0
400580 a8000000000000ad 3 0
400580 a8000000000000ac 3 0
400580 a8000000000000ab 4 0
400580 a8000000000000aa 3 0
400580 a8000000000000a9 3 0
400580 a8000000000000a8 4 0
400580 a8000000000000a7 3 0
400580 a8000000000000a6 3 0
400580 a8000000000000a4 3 0
400580 a8000000000000a3 3 0
400580 a8000000000000a2 4 0
400580 a8000000000000a1 3 0
400580 a8000000000000a0 3 0
400580 a80000000000009f 4 0
400580 a80000000000009e 3 0
400580 a80000000000009d 3 0
400580 a80000000000009c 4 0
400580 a80000000000009b 3 0
400580 a80000000000009a 4 0
400580 a800000000000099 5 0
400580 a800000000000098 4 0
400580 a800000000000097 4 0
400580 a800000000000096 5 0
400580 a800000000000095 4 0
400580 a800000000000094 5 0
400580 2800000000000076 7 0
400580 2800000000000075 6 0
400580 2800000000000074 7 0
400580 2800000000000073 6 0
400580 2800000000000072 7 0
400580 2800000000000071 6 0
400580 2800000000000070 7 0
400580 280000000000006f 6 0
400580 280000000000006e 7 0
400580 280000000000006d 6 0
400580 280000000000006c 7 0
400580 280000000000006b 6 0
400580 280000000000006a 7 0
400580 2800000000000069 6 0
400580 2800000000000068 7 0
400580 2800000000000067 6 0
400580 2800000000000066 7 0
400580 2800000000000065 6 0
400580 2800000000000064 7 0
400580 2800000000000063 6 0
400580 2800000000000062 7 0
400580 2800000000000061 6 0
400580 2800000000000060 7 0
400580 280000000000005f 6 0
400580 280000000000005e 7 0
400580 280000000000005d 6 0
400580 280000000000005c 7 0
400580 280000000000005b 6 0
400580 280000000000005a 7 0
400580 2800000000000059 6 0
400580 2800000000000057 6 0
400580 2800000000000056 7 0
400580 2800000000000055 6 0
400580 2800000000000054 7 0
400580 2800000000000053 6 0
400580 2800000000000052 7 0
400580 e800000000000050 10 0
400580 a80000000000008c 11 0
400580 e80000000000004f 10 0
400580 a80000000000008b 10 0
400580 e80000000000004e 10 0
400580 a80000000000008a 12 0
400580 e80000000000004d 10 0
400580 a800000000000089 12 0
400580 e80000000000004c 10 0
400580 a800000000000088 14 0
400580 e80000000000004b 10 0
400580 a800000000000087 13 0
400580 e80000000000004a 10 0
400580 a800000000000086 13 0
400580 e800000000000049 10 0
400580 a800000000000085 12 0
400580 28000000000000be 1 0
400580 e800000000000047 11 0
400580 a800000000000083 12 0
400580 28000000000000bd 1 0
400580 e800000000000046 11 0
400580 a800000000000082 13 0
400580 28000000000000bc 1 0
400580 e800000000000045 11 0
400580 a800000000000081 13 0
400580 28000000000000bb 1 0
400580 e800000000000044 11 0
400580 a800000000000080 13 0
400580 28000000000000b9 1 0
400580 e800000000000042 11 0
400580 a80000000000007e 15 0
400580 28000000000000b6 1 0
400580 e80000000000003f 11 0
400580 a80000000000007b 14 0
400580 28000000000000b5 1 0
400580 e80000000000003e 11 0
400580 a80000000000007a 15 0
400580 28000000000000b4 1 0
400580 e80000000000003d 11 0
400580 a800000000000079 14 0
400580 28000000000000b3 1 0
400580 e80000000000003c 12 0
400580 a800000000000078 16 0
400580 28000000000000b2 1 0
400580 e80000000000003b 11 0
400580 a800000000000077 14 0
400580 28000000000000b1 1 0
400580 e80000000000003a 11 0
400580 a800000000000076 15 0
400580 a800000000000075 15 0
400580 28000000000000ae 1 0
400580 e800000000000037 11 0
400580 a800000000000073 14 0
400580 28000000000000ad 1 0
400580 e800000000000036 11 0
400580 a800000000000072 16 0
400580 28000000000000ac 1 0
400580 e800000000000035 11 0
400538 0 0 1770
400580 a800000000000071 14 0
400580 28000000000000ab 1 0
400580 e800000000000034 11 0
400580 a800000000000070 16 0
400580 28000000000000aa 1 0
400580 e800000000000033 11 0
400580 a80000000000006f 15 0
400580 28000000000000a9 1 0
400580 e800000000000032 11 0
400580 a80000000000006e 15 0
400580 28000000000000a8 1 0
400580 e800000000000031 11 0
400580 a80000000000006d 14 0
400580 28000000000000a7 1 0
400580 e800000000000030 12 0
400580 a80000000000006c 16 0
400580 a80000000000006b 14 0
400580 28000000000000a5 1 0
400580 e80000000000002e 11 0
400580 a80000000000006a 15 0
400580 28000000000000a4 1 0
400580 e80000000000002d 11 0
400580 a800000000000069 15 0
400580 28000000000000a3 1 0
400580 e80000000000002c 11 0
400580 a800000000000068 15 0
400580 28000000000000a2 1 0
400580 e80000000000002b 11 0
400580 a800000000000067 14 0
400580 28000000000000a1 1 0
400580 e80000000000002a 11 0
400580 a800000000000066 17 0
400580 28000000000000a0 1 0
400580 e800000000000029 11 0
400580 a800000000000065 14 0
400580 280000000000009d 1 0
400580 e800000000000026 11 0
400580 a800000000000062 15 0
400580 280000000000009c 1 0
400580 e800000000000025 11 0
400580 a800000000000061 14 0
400580 280000000000009a 1 0
400580 e800000000000023 11 0
400580 a80000000000005f 14 0
400580 2800000000000099 1 0
400580 e800000000000022 11 0
400580 a80000000000005e 15 0
400580 2800000000000098 1 0
400580 e800000000000021 11 0
400580 a80000000000005d 15 0
400580 2800000000000097 1 0
400580 e800000000000020 11 0
400580 a80000000000005c 15 0
400580 2800000000000096 1 0
400580 e80000000000001f 11 0
400580 a80000000000005b 14 0
400580 2800000000000095 1 0
400580 e80000000000001e 11 0
400580 a80000000000005a 17 0
400580 a800000000000059 14 0
400580 2800000000000092 6 0
400580 e80000000000001b 11 0
400580 6800000000000093 22 0
400580 a800000000000057 15 0
400580 2800000000000091 5 0
400580 e80000000000001a 11 0
400580 6800000000000092 23 0
400580 a800000000000056 15 0
400580 2800000000000090 6 0
400580 e800000000000019 11 0
400580 6800000000000091 21 0
400580 a800000000000055 14 0
400580 280000000000008f 5 0
400580 e800000000000018 13 0
400580 6800000000000090 24 0
400580 a800000000000054 18 0
400580 280000000000008d 6 0
400580 e800000000000016 11 0
400580 680000000000008e 24 0
400580 a800000000000052 15 0
400580 280000000000008c 7 0
400580 e800000000000015 11 0
400580 680000000000008d 22 0
400580 a800000000000051 16 0
400580 280000000000008b 6 0
400580 e800000000000014 11 0
400580 680000000000008c 24 0
400580 a800000000000050 15 0
400580 280000000000008a 7 0
400580 e800000000000013 11 0
400580 680000000000008b 22 0
400580 a80000000000004f 14 0
400580 2800000000000089 6 0
400580 e800000000000012 12 0
400580 680000000000008a 24 0
400580 a80000000000004e 16 0
400580 2800000000000088 7 0
400580 e800000000000011 11 0
400580 6800000000000089 22 0
400580 a80000000000004d 14 0
400580 2800000000000086 7 0
400580 e80000000000000f 11 0
400580 6800000000000087 22 0
400580 a80000000000004b 15 0
400580 2800000000000085 6 0
400580 e80000000000000e 11 0
400580 6800000000000086 24 0
400580 a80000000000004a 15 0
400580 680000000000008f 22 0
400580 280000000000008e 7 0
400580 e800000000000017 11 0
400580 a800000000000053 14 0
400580 6800000000000085 22 0
400580 a800000000000049 14 0
400580 2800000000000083 6 0
400580 e80000000000000c 13 0
400580 6800000000000084 25 0
400580 a800000000000048 19 0
400580 2800000000000082 7 0
400580 e80000000000000b 11 0
400580 6800000000000083 23 0
400580 a800000000000047 14 0
400580 2800000000000081 6 0
400580 e80000000000000a 11 0
400580 6800000000000082 25 0
400580 a800000000000046 15 0
400580 2800000000000080 7 0
400580 e800000000000009 11 0
400580 6800000000000081 23 0
400580 a800000000000045 15 0
400580 280000000000007f 6 0
400580 e800000000000008 11 0
400580 6800000000000080 25 0
400580 a800000000000044 16 0
400580 280000000000007e 7 0
400580 e800000000000007 11 0
400580 680000000000007f 23 0
400580 a800000000000043 14 0
400580 6800000000000088 24 0
400580 2800000000000087 6 0
400580 e800000000000010 11 0
400580 a80000000000004c 15 0
400580 280000000000007d 6 0
400580 e800000000000006 12 0
400580 680000000000007e 25 0
400580 a800000000000042 16 0
400580 280000000000007c 7 0
400580 e800000000000005 11 0
400580 680000000000007d 23 0
400580 a800000000000041 14 0
400580 280000000000007b 6 0
400580 e800000000000004 11 0
400580 680000000000007c 26 0
400580 a800000000000040 15 0
400580 280000000000007a 7 0
400580 e800000000000003 11 0
400580 680000000000007b 23 0
400580 a80000000000003f 16 0
400580 2800000000000079 6 0
400580 e800000000000002 11 0
400580 680000000000007a 28 0
400580 a80000000000003e 15 0
400580 2800000000000078 7 0
400580 e800000000000001 11 0
400580 6800000000000079 26 0
400580 a80000000000003d 14 0
400580 6800000000000078 28 0
400580 2800000000000077 6 0
44137c e800000000000000 316 0
400580 a80000000000003c 17 0
400580 6800000000000077 26 0
400580 a80000000000003b 15 0
400580 6800000000000076 28 0
400580 a80000000000003a 16 0
400580 6800000000000075 27 0
400580 a800000000000039 16 0
400580 6800000000000074 29 0
400580 e800000000000039 11 0
400580 28000000000000b0 2 0
400580 a800000000000038 17 0
400580 6800000000000073 27 0
400580 a800000000000037 15 0
400580 6800000000000072 29 0
400580 a800000000000036 18 0
400580 6800000000000071 27 0
400580 a800000000000035 15 0
400580 6800000000000070 29 0
400580 a800000000000034 16 0
400580 680000000000006f 27 0
400580 a800000000000033 16 0
400580 680000000000006e 29 0
400580 a800000000000032 16 0
400580 680000000000006d 30 0
400580 a800000000000031 15 0
400580 680000000000006b 30 0
400580 a80000000000002f 15 0
400580 680000000000006a 32 0
400580 a80000000000002e 16 0
400580 6800000000000069 30 0
405c74 d800000000000000 1 0
400580 a80000000000002d 17 0
400580 6800000000000067 30 0
400580 a80000000000002b 15 0
400580 6800000000000066 33 0
400580 a80000000000002a 17 0
400580 6800000000000065 30 0
400580 a800000000000029 15 0
400580 6800000000000064 33 0
400580 a800000000000028 16 0
400580 6800000000000063 30 0
400580 a800000000000027 16 0
400580 6800000000000062 34 0
400580 a800000000000026 16 0
400580 6800000000000060 35 0
400580 a800000000000024 19 0
400580 680000000000002a 46 0
400580 6800000000000029 39 0
400580 6800000000000025 39 0
400580 6800000000000024 45 0
400580 6800000000000023 40 0
400580 2800000000000094 2 0
400580 e80000000000001d 11 0
41d3b0 8b00000000000000 1 0
400580 280000000000003b 8 0
400580 6800000000000022 45 0
400580 680000000000001f 41 0
400580 680000000000001e 45 0
400580 a8000000000000a5 4 0
41e168 8800000000000000 1 0
400580 6800000000000061 30 0
400580 a800000000000025 15 0
4136b0 700000000000000 0 1
400580 680000000000001d 40 0
400580 2800000000000093 5 0
400580 e80000000000001c 13 0
400580 a800000000000058 15 0
400580 680000000000001b 41 0
400580 680000000000001a 45 0
400580 6800000000000019 40 0
400580 6800000000000018 47 0
400580 2800000000000058 8 0
400580 680000000000001c 45 0
400580 6800000000000015 42 0
400580 2800000000000051 6 0
400580 6800000000000013 40 0
400580 280000000000004f 6 0
400580 6800000000000012 46 0
400580 280000000000004e 7 0
400580 6800000000000011 40 0
400580 280000000000004d 6 0
400580 680000000000000f 41 0
400580 280000000000004b 6 0
400580 6800000000000017 40 0
400580 6800000000000068 32 0
400580 a80000000000002c 17 0
400580 280000000000009b 1 0
400580 e800000000000024 12 0
400580 a800000000000060 18 0
400580 28000000000000a6 1 0
400580 e80000000000002f 11 0
405c7c c400000000000000 1 0
400580 280000000000000b 11 0
400580 680000000000005c 33 0
400580 a800000000000020 16 0
400580 6800000000000005 41 0
400580 2800000000000041 8 0
400580 6800000000000003 40 0
400580 280000000000003f 8 0
400580 6800000000000021 41 0
400580 6800000000000020 45 0
400580 6800000000000001 40 0
400580 280000000000003d 8 0
400580 680000000000000c 45 0
400580 2800000000000048 8 0
400580 6800000000000027 39 0
400580 280000000000009f 1 0
400580 e800000000000028 11 0
400580 a800000000000064 15 0
3800000000000000 41 2 0
400580 e800000000000076 9 0
400580 a800000000000018 19 0
400580 6800000000000054 38 0
400580 6800000000000058 35 0
400580 a80000000000001c 17 0
400580 6800000000000014 46 0
400580 2800000000000050 7 0
400580 6800000000000028 44 0
400d94 4000000000000000 1 0
400580 e800000000000071 9 0
400580 280000000000009e 1 0
400580 e800000000000027 11 0
400580 a800000000000063 16 0
b000000000000000 40 0 1
400580 e800000000000075 9 0
400580 6800000000000057 31 0
400580 a80000000000001b 17 0
400580 6800000000000026 44 0
400580 6800000000000016 46 0
400580 28000000000000b8 1 0
400580 e800000000000041 11 0
400580 a80000000000007d 13 0
41d3b0 a700000000000000 1 0
400580 680000000000003f 40 0
400580 a800000000000003 16 0
400580 6800000000000010 45 0
400580 280000000000004c 7 0
400580 28000000000000b7 1 0
400580 e800000000000040 11 0
400580 a80000000000007c 14 0
400580 a800000000000000 174 0
400580 680000000000003c 43 0
400580 2800000000000000 140 0
400580 6800000000000040 43 0
400580 a800000000000004 17 0
400580 6800000000000006 45 0
400580 2800000000000042 9 0
400580 680000000000000e 45 0
400580 280000000000004a 8 0
400580 28000000000000bf 1 0
400580 e800000000000048 11 0
400580 a800000000000084 14 0
400580 6800000000000038 43 0
400580 680000000000002b 39 0
400580 6800000000000000 656 0
400580 280000000000003c 9 0
400580 6800000000000002 45 0
400580 280000000000003e 9 0
400580 6800000000000004 45 0
400580 2800000000000040 9 0
400580 6800000000000007 40 0
400580 2800000000000043 8 0
400580 6800000000000009 41 0
400580 2800000000000045 8 0
400580 6800000000000008 45 0
400580 2800000000000044 9 0
400580 680000000000000a 46 0
400580 2800000000000046 9 0
400580 680000000000000b 41 0
400580 2800000000000047 8 0
400580 680000000000000d 40 0
400580 2800000000000049 7 0
400580 680000000000002c 45 0
400580 680000000000002d 39 0
400580 680000000000002e 44 0
400580 680000000000002f 38 0
400580 6800000000000030 45 0
400580 6800000000000031 39 0
400580 6800000000000032 43 0
400580 6800000000000033 38 0
400580 6800000000000034 43 0
400580 6800000000000035 38 0
400580 6800000000000036 43 0
400580 6800000000000037 38 0
400580 6800000000000039 38 0
400580 28000000000000af 1 0
400580 e800000000000038 13 0
400580 a800000000000074 15 0
400580 680000000000003a 43 0
400580 680000000000003b 38 0
400580 680000000000003d 38 0
400580 a800000000000001 15 0
400580 680000000000003e 44 0
400580 a800000000000002 16 0
400580 6800000000000041 38 0
400580 a800000000000005 16 0
400580 6800000000000042 43 0
400580 a800000000000006 17 0
400580 6800000000000043 38 0
400580 a800000000000007 15 0
400580 6800000000000044 43 0
400580 a800000000000008 17 0
400580 28000000000000ba 1 0
400580 e800000000000043 11 0
400580 a80000000000007f 12 0
400580 e80000000000000d 11 0
400580 2800000000000084 8 0
400580 6800000000000048 43 0
400580 a80000000000000c 19 0
400580 6800000000000045 38 0
400580 a800000000000009 17 0
400580 6800000000000046 43 0
400580 a80000000000000a 17 0
400580 6800000000000047 38 0
400580 a80000000000000b 16 0
400580 6800000000000049 36 0
400580 a80000000000000d 15 0
400580 680000000000004a 40 0
400580 a80000000000000e 16 0
400580 a800000000000022 17 0
400580 680000000000005e 33 0
400580 680000000000006c 32 0
400580 a800000000000030 20 0
400580 280000000000002c 11 0
400580 e800000000000054 13 0
400580 a800000000000090 11 0
400580 6800000000000055 31 0
400580 a800000000000019 15 0
400580 e800000000000070 11 0
400580 680000000000004b 31 0
400580 a80000000000000f 17 0
400580 680000000000004c 36 0
400580 a800000000000010 17 0
400580 680000000000004d 31 0
400580 a800000000000011 15 0
400580 680000000000004e 36 0
400580 a800000000000012 18 0
400580 680000000000004f 31 0
400580 a800000000000013 15 0
400580 6800000000000050 36 0
400580 a800000000000014 16 0
400580 6800000000000051 31 0
400580 a800000000000015 16 0
400580 6800000000000052 36 0
400580 a800000000000016 17 0
400580 6800000000000053 31 0
400580 a800000000000017 15 0
400580 6800000000000056 36 0
400580 a80000000000001a 16 0
400580 6800000000000059 30 0
400580 a80000000000001d 15 0
400580 680000000000005a 34 0
400580 a80000000000001e 17 0
400580 680000000000005b 30 0
400580 a80000000000001f 15 0
400580 680000000000005d 31 0
400580 a800000000000021 17 0
400580 680000000000005f 30 0
400580 a800000000000023 15 0
400580 e800000000000051 10 0
400580 a80000000000008d 11 0
400580 e800000000000052 10 0
405d5c f800000000000000 1 0
400580 a80000000000008e 11 0
400580 e800000000000053 10 0
400580 a80000000000008f 8 0
400580 e800000000000055 10 0
400580 a800000000000091 8 0
400580 e800000000000056 10 0
400580 a800000000000092 9 0
400580 e800000000000057 10 0
400580 a800000000000093 9 0
400580 e800000000000058 10 0
400580 e800000000000059 10 0
400580 e80000000000005a 10 0
400580 e80000000000005b 10 0
400580 e80000000000005c 10 0
400580 e80000000000005d 10 0
41d438 a000000000000000 2 0
400580 e80000000000005e 10 0
400580 e80000000000005f 10 0
400580 e800000000000060 11 0
400580 e800000000000061 10 0
400580 e800000000000062 10 0
400580 e800000000000063 10 0
400580 e800000000000064 10 0
400580 e800000000000065 10 0
400580 e800000000000066 10 0
400580 e800000000000067 10 0
400580 e800000000000068 10 0
400580 e800000000000069 10 0
400580 e80000000000006a 10 0
400580 e80000000000006b 10 0
400580 e80000000000006c 11 0
400580 e80000000000006d 10 0
400580 e80000000000006e 9 0
400580 e80000000000006f 9 0
400580 e800000000000072 9 0
400580 e800000000000073 9 0
400580 e800000000000074 9 0
400580 e800000000000077 9 0
400580 e800000000000078 10 0
400580 e800000000000079 9 0
400580 e80000000000007a 9 0
400580 e80000000000007b 9 0
400580 e80000000000007c 9 0
400580 e80000000000007d 9 0
400580 e80000000000007e 9 0
400580 e80000000000007f 9 0
400580 e800000000000080 9 0
400580 e800000000000081 9 0
400580 e800000000000082 9 0
400580 e800000000000083 9 0
400580 e800000000000084 10 0
400580 e800000000000085 9 0
400580 e800000000000086 9 0
400580 e800000000000087 9 0
400580 e800000000000088 9 0
400580 e800000000000089 9 0
400580 e80000000000008a 9 0
400580 e80000000000008b 9 0
400580 e80000000000008c 9 0
400580 e80000000000008d 9 0
400580 e80000000000008e 9 0
400580 e80000000000008f 9 0
400580 e800000000000090 10 0
400580 e800000000000091 8 0
400580 e800000000000092 8 0
400580 e800000000000093 8 0
400580 2800000000000001 11 0
400580 2800000000000002 12 0
400580 2800000000000003 11 0
400580 2800000000000004 12 0
400580 2800000000000005 11 0
400580 2800000000000006 12 0
400580 2800000000000007 11 0
400580 2800000000000008 12 0
400580 2800000000000009 11 0
400580 280000000000000a 12 0
400580 280000000000000c 12 0
400580 280000000000000d 11 0
400580 280000000000000e 12 0
400580 280000000000000f 11 0
400580 2800000000000010 12 0
400580 2800000000000011 11 0
400580 2800000000000012 12 0
400580 2800000000000013 11 0
400580 2800000000000014 12 0
400580 2800000000000015 11 0
400580 2800000000000016 12 0
400580 2800000000000017 11 0
400580 2800000000000018 12 0
400580 2800000000000019 11 0
400580 280000000000001a 12 0
400580 280000000000001b 11 0
400580 280000000000001c 12 0
400580 280000000000001d 11 0
400580 280000000000001e 12 0
400580 280000000000001f 10 0
400580 2800000000000020 10 0
400580 2800000000000021 9 0
400580 2800000000000022 10 0
400580 2800000000000023 9 0
400580 2800000000000024 10 0
400580 2800000000000025 9 0
400580 2800000000000026 10 0
400580 2800000000000027 9 0
400580 2800000000000028 10 0
400580 2800000000000029 9 0
400580 280000000000002a 10 0
400580 280000000000002b 9 0
400580 280000000000002d 8 0
400580 280000000000002e 9 0
400580 280000000000002f 8 0
400d30 c000000000000000 1 1
400580 2800000000000030 9 0
400580 2800000000000031 8 0
400580 2800000000000032 9 0
400580 2800000000000033 8 0
400580 2800000000000034 9 0
400580 2800000000000035 8 0
400580 2800000000000036 9 0
400580 2800000000000037 8 0
400580 2800000000000038 9 0
400580 2800000000000039 8 0
400580 280000000000003a 9 0
